%YAML:1.0
---
image coordinates: [ 466, 632 ]
world coordinates: [ -2.3379551246762276e-02, 3.2899713516235352e-01,
    1.0932369232177734e+00 ]
