%YAML:1.0
---
frameSize: [ 1024, 1024 ]
imagePoints1:
   - [ 6.94578674e+02, 5.40676575e+02, 6.93481323e+02, 5.36524597e+02,
       6.91453918e+02, 5.29833801e+02, 6.83676575e+02, 5.11136841e+02,
       6.83331360e+02, 5.10204803e+02, 6.82577881e+02, 5.06357544e+02,
       6.94580444e+02, 5.40676086e+02, 6.93479736e+02, 5.36504700e+02,
       6.95668396e+02, 5.27975220e+02, 6.85320496e+02, 5.15299622e+02,
       6.83331848e+02, 5.10203186e+02, 6.82577698e+02, 5.06357849e+02,
       7.05481201e+02, 5.39150208e+02, 7.04625977e+02, 5.30037964e+02,
       7.02890564e+02, 5.26546448e+02, 6.97792419e+02, 5.17730713e+02,
       6.96235901e+02, 5.11888397e+02, 6.95215515e+02, 5.09463745e+02,
       7.18602173e+02, 5.37776489e+02, 7.16995605e+02, 5.37041016e+02,
       7.15407837e+02, 5.28485657e+02, 7.25380859e+02, 5.15871033e+02,
       7.04553284e+02, 5.01809418e+02, 7.04647888e+02, 5.01790680e+02,
       7.31295105e+02, 5.35215515e+02, 7.27285461e+02, 5.26272766e+02,
       7.28328003e+02, 5.25902527e+02, 7.21212341e+02, 5.08649445e+02,
       7.32360107e+02, 5.03662689e+02, 7.15725098e+02, 4.99947693e+02,
       7.51257385e+02, 5.33170410e+02, 7.51703308e+02, 5.22768311e+02,
       7.47063599e+02, 5.18069580e+02, 7.34243469e+02, 5.05254456e+02,
       7.36975281e+02, 4.94747040e+02, 7.36974426e+02, 4.94747223e+02,
       7.67856079e+02, 5.30418579e+02, 7.67857910e+02, 5.30419067e+02,
       7.59952942e+02, 5.11294556e+02, 7.60379639e+02, 5.11117981e+02,
       7.46878235e+02, 4.91704773e+02, 7.47321411e+02, 4.91704926e+02,
       7.84809998e+02, 5.28304443e+02, 7.84810486e+02, 5.28304382e+02,
       7.72090881e+02, 5.07800385e+02, 7.68708008e+02, 4.98620178e+02,
       7.68711182e+02, 4.98619049e+02, 7.63310547e+02, 4.89575958e+02,
       8.00478455e+02, 5.25372437e+02, 7.95774231e+02, 5.15664001e+02,
       7.95772217e+02, 5.15662292e+02, 7.83211670e+02, 4.95509521e+02,
       7.77925842e+02, 4.86103638e+02, 7.77927612e+02, 4.86100067e+02 ]
   - [ 7.23871338e+02, 4.11336121e+02, 7.23774109e+02, 4.11245239e+02,
       7.13161133e+02, 3.98011719e+02, 7.16243591e+02, 3.87124756e+02,
       7.12011963e+02, 3.85080475e+02, 7.10107239e+02, 3.82713440e+02,
       7.25949097e+02, 4.10174316e+02, 7.27002258e+02, 4.09196106e+02,
       7.22209412e+02, 3.91370392e+02, 7.16186340e+02, 3.84558533e+02,
       7.12116028e+02, 3.83086914e+02, 7.11494812e+02, 3.82750183e+02,
       7.44264343e+02, 4.02851929e+02, 7.44187805e+02, 4.02938263e+02,
       7.39613159e+02, 3.94476379e+02, 7.36554199e+02, 3.85950317e+02,
       7.29513794e+02, 3.69868286e+02, 7.28691589e+02, 3.69397919e+02,
       7.59412415e+02, 3.97685516e+02, 7.59379700e+02, 3.97594666e+02,
       7.51127991e+02, 3.80052856e+02, 7.50507935e+02, 3.78653473e+02,
       7.48184875e+02, 3.70928894e+02, 7.44948120e+02, 3.63973572e+02,
       7.74090149e+02, 3.91248138e+02, 7.69536621e+02, 3.82408386e+02,
       7.68869934e+02, 3.81298309e+02, 7.65533020e+02, 3.71527313e+02,
       7.61837585e+02, 3.63111389e+02, 7.57981079e+02, 3.54677826e+02,
       7.89663208e+02, 3.84614166e+02, 7.89662048e+02, 3.84612274e+02,
       7.81569336e+02, 3.65302948e+02, 7.77074280e+02, 3.56287720e+02,
       7.76730225e+02, 3.55678497e+02, 7.73514160e+02, 3.47159393e+02,
       8.06510986e+02, 3.77359955e+02, 8.06510681e+02, 3.77358643e+02,
       8.01957520e+02, 3.67403168e+02, 7.98095520e+02, 3.57663788e+02,
       7.90616577e+02, 3.40253632e+02, 7.89840637e+02, 3.37995300e+02,
       8.24344299e+02, 3.69511963e+02, 8.19859863e+02, 3.59186798e+02,
       8.19859375e+02, 3.59186127e+02, 8.16345642e+02, 3.48981293e+02,
       8.06920471e+02, 3.29234100e+02, 8.06911377e+02, 3.29222198e+02,
       8.43536316e+02, 3.60999878e+02, 8.39374207e+02, 3.50466400e+02,
       8.34658691e+02, 3.40025513e+02, 8.29879272e+02, 3.29385559e+02,
       8.29878296e+02, 3.29384003e+02, 8.26439209e+02, 3.19369873e+02 ]
   - [ 7.48334412e+02, 7.01861816e+02, 7.48362305e+02, 6.98661987e+02,
       7.48117615e+02, 6.91728210e+02, 7.46722778e+02, 6.69719421e+02,
       7.47273010e+02, 6.64651917e+02, 7.47647217e+02, 6.60444763e+02,
       7.63393799e+02, 7.07665649e+02, 7.62876160e+02, 6.97149231e+02,
       7.62826538e+02, 6.97065002e+02, 7.63549438e+02, 6.83550293e+02,
       7.62251709e+02, 6.64639709e+02, 7.62251709e+02, 6.64638611e+02,
       7.80037537e+02, 7.22739319e+02, 7.79818420e+02, 7.14758850e+02,
       7.79404541e+02, 7.03751709e+02, 7.79310669e+02, 6.92604675e+02,
       7.78654907e+02, 6.70520020e+02, 7.78654724e+02, 6.70519348e+02,
       7.96926086e+02, 7.22592163e+02, 7.97644287e+02, 7.13080811e+02,
       7.97720337e+02, 7.11318420e+02, 7.96943909e+02, 6.99869141e+02,
       7.96632507e+02, 6.87636719e+02, 7.96333679e+02, 6.76440125e+02,
       8.16408386e+02, 7.30733765e+02, 8.16409058e+02, 7.30731934e+02,
       8.16444580e+02, 7.18903687e+02, 8.16249023e+02, 7.07185669e+02,
       8.14913635e+02, 6.94578186e+02, 8.15785950e+02, 6.83145569e+02,
       8.36975525e+02, 7.39955444e+02, 8.36503479e+02, 7.27352539e+02,
       8.36502991e+02, 7.27350830e+02, 8.36957153e+02, 7.15123108e+02,
       8.35103943e+02, 7.02079224e+02, 8.35826843e+02, 6.90044861e+02,
       8.60376892e+02, 7.60623657e+02, 8.60251892e+02, 7.50422302e+02,
       8.59426208e+02, 7.36761963e+02, 8.57769897e+02, 7.22892517e+02,
       8.58383118e+02, 7.10759277e+02, 8.57427979e+02, 6.96950928e+02,
       8.83951904e+02, 7.61901611e+02, 8.84034241e+02, 7.61600098e+02,
       8.83307800e+02, 7.46107178e+02, 8.83366089e+02, 7.32711731e+02,
       8.83153381e+02, 7.20069336e+02, 8.81091797e+02, 7.04704956e+02,
       9.11984741e+02, 7.83556946e+02, 9.11239014e+02, 7.70070374e+02,
       9.10133057e+02, 7.58781494e+02, 9.09425537e+02, 7.39401245e+02,
       9.09171875e+02, 7.29294800e+02, 9.07441101e+02, 7.13833069e+02 ]
   - [ 6.62494263e+02, 4.67485931e+02, 6.62579224e+02, 4.66925110e+02,
       6.63766907e+02, 4.59245178e+02, 6.64540649e+02, 4.50534424e+02,
       6.65344299e+02, 4.41889099e+02, 6.66590271e+02, 4.36727539e+02,
       6.62453796e+02, 4.67965057e+02, 6.62579102e+02, 4.66924591e+02,
       6.63766724e+02, 4.59245300e+02, 6.64540649e+02, 4.50534698e+02,
       6.65344360e+02, 4.41889099e+02, 6.66590271e+02, 4.36727570e+02,
       6.72327637e+02, 4.72980713e+02, 6.72276672e+02, 4.66589966e+02,
       6.74467590e+02, 4.56616272e+02, 6.75466614e+02, 4.48441040e+02,
       6.76357666e+02, 4.39712036e+02, 6.88546753e+02, 4.35810303e+02,
       6.84886658e+02, 4.70260956e+02, 6.85154358e+02, 4.65374664e+02,
       6.85543701e+02, 4.57392242e+02, 6.97703369e+02, 4.47544708e+02,
       6.99265198e+02, 4.38323761e+02, 6.88546997e+02, 4.35810242e+02,
       6.95268921e+02, 4.73404053e+02, 6.95903259e+02, 4.66820770e+02,
       6.96341370e+02, 4.57490845e+02, 6.97706543e+02, 4.47541534e+02,
       6.99267517e+02, 4.38326172e+02, 7.11130981e+02, 4.33699738e+02,
       7.07497803e+02, 4.70068817e+02, 7.08395447e+02, 4.65134369e+02,
       7.09150696e+02, 4.56279175e+02, 7.08926636e+02, 4.47683105e+02,
       7.10357300e+02, 4.38612305e+02, 7.11130249e+02, 4.33699799e+02,
       7.33415649e+02, 4.70638641e+02, 7.20595398e+02, 4.66351746e+02,
       7.20016663e+02, 4.56455444e+02, 7.29311646e+02, 4.46368805e+02,
       7.24293030e+02, 4.38074707e+02, 7.24075195e+02, 4.33249390e+02,
       7.39415894e+02, 4.70398590e+02, 7.39416321e+02, 4.70398315e+02,
       7.42246399e+02, 4.55785095e+02, 7.43262878e+02, 4.45377960e+02,
       7.36477051e+02, 4.31539948e+02, 7.36484070e+02, 4.31538544e+02,
       7.54778503e+02, 4.69605652e+02, 7.54567383e+02, 4.63933289e+02,
       7.56817322e+02, 4.49536255e+02, 7.57456543e+02, 4.44369019e+02,
       7.57709167e+02, 4.40204224e+02, 7.59286316e+02, 4.30329926e+02 ]
   - [ 7.09491211e+02, 6.66586731e+02, 7.15101868e+02, 6.59673523e+02,
       7.16815796e+02, 6.52208679e+02, 7.16688721e+02, 6.42243896e+02,
       7.17621704e+02, 6.33904785e+02, 7.17644897e+02, 6.33874817e+02,
