%YAML:1.0
---
frameSize: [ 1024, 1024 ]
samplesCount: 6
rms1: 5.1616478100779499e+00
cameraMatrix1: !!opencv-matrix
   rows: 3
   cols: 3
   dt: d
   data: [ 1.2253922949712809e+02, 0., 4.3829586573545743e+02, 0.,
       2.8764895034025585e+02, 5.1322117780750625e+02, 0., 0., 1. ]
distCoeffs1: !!opencv-matrix
   rows: 1
   cols: 5
   dt: d
   data: [ -2.7417535811440685e-01, 5.9381850137923950e-02,
       6.7207530609871982e-03, 1.5455383165289227e-01,
       -4.3294036405562850e-03 ]
rotationMatrix1: !!opencv-matrix
   rows: 6
   cols: 1
   dt: "3d"
   data: [ -1.7085971050671194e+00, 3.7720326735062626e-01,
       -1.1995746531269420e+00, -2.9369720821213441e-01,
       9.0833829386993015e-01, -2.0693954063408340e+00,
       -4.9266082969354857e-01, 4.9463773850793924e-01,
       -1.5336213715951164e+00, -1.0198648307015794e+00,
       6.7217690247799289e-01, -1.2016651427239560e+00,
       -1.7854821124387079e+00, 3.1722002738003785e-01,
       -8.1970630271067868e-01, -8.8030718521084239e-01,
       1.1131837094078050e+00, -1.3140035921986883e+00 ]
rms2: 5.0467918470754540e+00
cameraMatrix2: !!opencv-matrix
   rows: 3
   cols: 3
   dt: d
   data: [ 1.1911314082453993e+02, 0., 6.2762224948431060e+02, 0.,
       3.5068702253255498e+02, 4.5734187087132176e+02, 0., 0., 1. ]
distCoeffs2: !!opencv-matrix
   rows: 1
   cols: 5
   dt: d
   data: [ -2.0615409787855893e-01, 2.5901490565029193e-02,
       -2.7080231143539350e-02, -1.0834339816032934e-01,
       -1.2585746969005114e-03 ]
rotationMatrix2: !!opencv-matrix
   rows: 6
   cols: 1
   dt: "3d"
   data: [ 4.4179086054999628e-01, -1.6086098779899252e+00,
       -1.7872638090337234e+00, 1.4149618851827601e+00,
       -3.4413296219800477e-01, -1.2852985388967642e+00,
       -1.6321454971306859e-01, -2.0792576295149146e+00,
       -1.3539688151253157e+00, 4.5006371126756289e-01,
       -1.4243296575307141e+00, -1.4448210075044854e+00,
       -2.0963910819290799e-01, -2.0361970592761369e+00,
       -1.3520542253812939e+00, 1.0748766492989830e+00,
       -5.6518026022992796e-01, -1.1129752059271150e+00 ]
rms: 5.2027817163383236e+00
rotationMatrix: !!opencv-matrix
   rows: 3
   cols: 3
   dt: d
   data: [ -5.5278856718644298e-01, 1.4958508063290291e-01,
       -8.1978601088333247e-01, 1.6444604341628663e-01,
       9.8399351859902051e-01, 6.8660426446737796e-02,
       8.1693469677367003e-01, -9.6855867179882607e-02,
       -5.6853904193128613e-01 ]
translationVector: !!opencv-matrix
   rows: 3
   cols: 1
   dt: d
   data: [ -1.9057988305225695e+01, -2.5388913509572286e-02,
       4.9279217004019822e+00 ]
essentialMatrix: !!opencv-matrix
   rows: 3
   cols: 3
   dt: d
   data: [ -8.3111831025572080e-01, -4.8465839481242901e+00,
       -3.2391861688332479e-01, 1.2845033121273511e+01,
       -1.1087344190994335e+00, -1.4875051684908623e+01,
       -3.1480454733896046e+00, -1.8749139167203502e+01,
       -1.3293430803804123e+00 ]
fundamentalMatrix: !!opencv-matrix
   rows: 3
   cols: 3
   dt: d
   data: [ -9.3965325895309813e-07, -2.3342795499194785e-06,
       1.5649716640101969e-03, 4.9326464033712146e-06,
       -1.8137801188343716e-07, -2.7688398084466759e-03,
       -2.0900994693751089e-03, 4.7237935931809002e-04, 1. ]
