%YAML:1.0
---
frameSize: [ 1024, 1024 ]
samplesCount: 27
rms1: 1.0850271488443437e+00
cameraMatrix1: !!opencv-matrix
   rows: 3
   cols: 3
   dt: d
   data: [ 2.1201916294627077e+02, 0., 5.0835303353416799e+02, 0.,
       2.1182374931245062e+02, 5.0992068175329916e+02, 0., 0., 1. ]
distCoeffs1: !!opencv-matrix
   rows: 1
   cols: 5
   dt: d
   data: [ -5.1161918991747901e-03, 1.8769542411190346e-03,
       -8.0145861604701929e-04, -1.8688235639176352e-03,
       -2.6039864788649945e-04 ]
rotationMatrix1: !!opencv-matrix
   rows: 27
   cols: 1
   dt: "3d"
   data: [ -1.3094250111154576e-01, 5.4714651777151468e-01,
       -1.8764868754535990e+00, -4.5662430119361785e-01,
       2.0225906726354140e-01, -1.1561225434871854e+00,
       5.4467957386355520e-03, -4.2678002477813914e-01,
       -1.0691962569577143e+00, -6.1696160667999857e-02,
       -8.7720957266918267e-02, -1.5004166257189997e+00,
       -1.4320933213673312e-01, 4.8029405915550777e-01,
       -1.4068130685803406e+00, 3.0878858595186892e-01,
       1.0769998437367726e-02, -1.7791897669082568e+00,
       4.7449711664760524e-01, -1.3471322916293399e-01,
       -1.2894503797344348e+00, -2.1573274744376491e-02,
       -1.6391305205909040e-01, -1.3554067684297280e+00,
       -1.2888097678259003e-01, 3.3461144556443689e-01,
       -1.4418642416849048e+00, 6.3632634453995762e-01,
       -1.3413239213175632e-01, -1.4699284563503447e+00,
       9.6350383128748524e-02, 3.9370111619215625e-01,
       -1.3200255654943369e+00, 2.9186921612493788e-01,
       2.3718497671616168e-01, -1.4047104166535844e+00,
       2.7342008901965081e-01, -2.7170748150833562e-01,
       -1.5374252817061014e+00, 5.7749515259767181e-01,
       1.1018627977636830e-02, -1.6991514287848968e+00,
       -5.7822621616431660e-02, -6.3711417058221032e-01,
       -1.7956599211288791e+00, -3.8656432497937480e-02,
       -1.6735520135599291e-01, -2.0649741605985330e+00,
       -4.8467817910886135e-01, -2.6361407111235668e-01,
       -1.1077874632841709e+00, -7.8499690563732863e-02,
       -5.0897707337453002e-01, -1.6142777914731223e+00,
       -1.0414520003248509e-01, -7.4257073835985093e-02,
       -1.4096216907963794e+00, -4.3546908335234301e-02,
       -2.1067002954621808e-01, -1.4936346203651818e+00,
       9.8937750400379994e-03, 3.0435480032527890e-01,
       -1.3328482889749416e+00, 2.8827841090434764e-01,
       5.2440625552498312e-03, -1.7277093499456282e+00,
       4.1165824816818791e-01, -2.2234042392679676e-02,
       -1.4893983594516658e+00, 3.0584641573203292e-01,
       -7.6234000350380082e-02, -1.8930576232807814e+00,
       -1.5080251241926343e-01, -1.8544859044616735e-01,
       -1.1637556651050660e+00, 4.3630818330185250e-01,
       5.9041233301994338e-02, -1.4847030485042025e+00,
       1.9934719420885605e-01, -4.1213425730233694e-01,
       -1.6643474102153184e+00 ]
rms2: 1.0360636378199783e+00
cameraMatrix2: !!opencv-matrix
   rows: 3
   cols: 3
   dt: d
   data: [ 2.1180615905310438e+02, 0., 5.0838436087249914e+02, 0.,
       2.1164481953024057e+02, 5.0969802828524359e+02, 0., 0., 1. ]
distCoeffs2: !!opencv-matrix
   rows: 1
   cols: 5
   dt: d
   data: [ -7.4343882592123852e-03, 3.7669213446332984e-03,
       -9.2612579766328110e-04, -1.7531576867782796e-03,
       -6.9948874631059574e-04 ]
rotationMatrix2: !!opencv-matrix
   rows: 27
   cols: 1
   dt: "3d"
   data: [ -1.1931562996724972e-01, 5.5798061952918820e-01,
       -1.8783748158307945e+00, -4.5329696620478899e-01,
       2.0803357157399635e-01, -1.1560635139188407e+00,
       5.0236021993784004e-03, -4.2263350408275524e-01,
       -1.0694492346129185e+00, -6.2614958259114034e-02,
       -9.0669904855803216e-02, -1.5013855717999403e+00,
       -1.4433540672161871e-01, 4.7601861015620917e-01,
       -1.4062257147181101e+00, 3.0452228261383441e-01,
       8.8548656099789701e-03, -1.7799816659794947e+00,
       4.8160715107783525e-01, -1.3909006032410967e-01,
       -1.2877271245010848e+00, -2.4472496298055951e-02,
       -1.6022680826268018e-01, -1.3551240690102255e+00,
       -1.3131289488823319e-01, 3.3350710194081146e-01,
       -1.4428472850968721e+00, 6.3804222654137643e-01,
       -1.3053529225375710e-01, -1.4698691480936714e+00,
       9.8019850560720087e-02, 3.9341860238829651e-01,
       -1.3200518907741381e+00, 2.9080182201386551e-01,
       2.3644523533874803e-01, -1.4052245780527768e+00,
       2.7168862116660086e-01, -2.6727768604858176e-01,
       -1.5381842293950492e+00, 5.7800852286377236e-01,
       1.1237149562388584e-02, -1.6993082749900323e+00,
       -5.6994459653344730e-02, -6.3554465190096565e-01,
       -1.7955998690565582e+00, -3.7297193669069605e-02,
       -1.6501536741691389e-01, -2.0646821288197481e+00,
       -4.4582380616903605e-01, -2.4363441410871897e-01,
       -1.1107946979623120e+00, -7.6862030032406575e-02,
       -5.0869656811528730e-01, -1.6117601249965172e+00,
       -1.0068192557193580e-01, -7.2213591533077520e-02,
       -1.4102495636020866e+00, -4.2092016319469773e-02,
       -2.1001582608592229e-01, -1.4940721441116893e+00,
       9.6872479427233711e-03, 3.0598407692601876e-01,
       -1.3333119322140683e+00, 2.8899087459672590e-01,
       4.9795499214473965e-03, -1.7277262504219959e+00,
       4.1434688998642527e-01, -1.7773681340246025e-02,
       -1.4899462101585079e+00, 3.0515768629364520e-01,
       -7.6167153024558024e-02, -1.8930566740689734e+00,
       -1.5159027898947386e-01, -1.8708674607148262e-01,
       -1.1638922327740580e+00, 4.3238434780632085e-01,
       6.1396510923182802e-02, -1.4858412879001168e+00,
       1.9387711153048301e-01, -4.1186921706837309e-01,
       -1.6651446641739149e+00 ]
rms: 1.0644302445756546e+00
rotationMatrix: !!opencv-matrix
   rows: 3
   cols: 3
   dt: d
   data: [ 9.9999973656995778e-01, 1.6601279108270726e-04,
       -7.0661146904007002e-04, -1.6573068719023169e-04,
       9.9999990655654725e-01, 3.9927463744040713e-04,
       7.0667768770882387e-04, -3.9915742505513337e-04,
       9.9999967063994366e-01 ]
translationVector: !!opencv-matrix
   rows: 3
   cols: 1
   dt: d
   data: [ -1.3620566152528428e+00, 6.1113822818170327e-03,
       -6.8589620998233793e-03 ]
essentialMatrix: !!opencv-matrix
   rows: 3
   cols: 3
   dt: d
   data: [ 3.1820369974036527e-06, 6.8565220552831404e-03,
       6.1141188785774443e-03, -5.8964252735713178e-03,
       -5.4481368676575744e-04, 1.3620610132670847e+00,
       -5.8856460930574858e-03, -1.3620575025451997e+00,
       -5.3951628841636672e-04 ]
fundamentalMatrix: !!opencv-matrix
   rows: 3
   cols: 3
   dt: d
   data: [ -3.4027407803015223e-06, -7.3388495264208563e-03,
       2.3577394318683904e+00, 6.3102037464915764e-03,
       5.8358357106237549e-04, -3.1255362272338300e+02,
       -1.8814880251082564e+00, 3.1221988286457463e+02, 1. ]
