%YAML:1.0
---
frameSize: [ 1024, 1024 ]
rms1: 1.4638417664397472e+00
cameraMatrix1: !!opencv-matrix
   rows: 3
   cols: 3
   dt: d
   data: [ 2.1694116103416300e+02, 0., 5.1186303538795283e+02, 0.,
       2.1562035097362516e+02, 5.1050291452611441e+02, 0., 0., 1. ]
distCoeffs1: !!opencv-matrix
   rows: 1
   cols: 5
   dt: d
   data: [ -4.7156937066341808e-03, 1.3506789787160673e-03,
       -6.5574515377711095e-04, 6.9602285948840137e-04,
       -1.1793238988462236e-04 ]
rotationMatrix1: !!opencv-matrix
   rows: 22
   cols: 1
   dt: "3d"
   data: [ -7.9833315713938602e-01, 9.6100849908693986e-01,
       -1.0525235433964890e+00, -1.8260610045331435e-01,
       2.3479901109394005e-01, -1.5812096692812541e+00,
       -4.7343528405755236e-01, 5.6980290891153862e-01,
       -1.6445956606585330e+00, -7.0832433397539374e-01,
       1.0385097877840916e+00, -1.6992754411559985e+00,
       -2.9546995704994627e-01, 8.5142198158643867e-01,
       -1.4572784049509750e+00, -4.4170326866991044e-01,
       4.6966672461292630e-01, -1.4905343935032027e+00,
       -8.8355857301447549e-01, 6.0053212896699382e-01,
       -1.0505145193938024e+00, -8.4729026015054099e-01,
       4.8792542812301515e-01, -1.5595851789324513e+00,
       -7.4846629390333208e-01, 1.1345770031893991e+00,
       -1.6908955387436484e+00, -1.0654704311978953e+00,
       4.7652017679099262e-01, -1.3717125044632614e+00,
       -7.1631572246123565e-01, 8.9553294037200748e-01,
       -1.9134225437602190e+00, -4.4540650726364933e-01,
       7.6966529171536707e-02, -1.8452447487627071e+00,
       -1.4628880034756761e-01, 5.9927729932240259e-01,
       -1.6704270533574388e+00, -4.4196302685761091e-01,
       1.4263939067016826e-01, -1.2310210329016096e+00,
       -4.6670882833840938e-01, 1.4846036268627844e-01,
       -1.0990080860959572e+00, -1.4632154653794396e-01,
       4.7837649118085046e-01, -1.5573855693176502e+00,
       -2.8492134055393847e-01, 5.1237962529609737e-01,
       -1.7220635939630256e+00, -1.0267602465477885e+00,
       1.3446998392967016e-01, -1.6938150449180431e+00,
       -8.1325178376547458e-01, 1.0628587149528010e+00,
       -1.4787361483838588e+00, -7.7456364215233287e-01,
       9.0940833007748079e-01, -8.2670846765244066e-01,
       -1.0413325996233003e+00, 2.5505596345129833e-01,
       -1.5520154547073035e+00, -1.2102888677522452e+00,
       6.3092509641748473e-01, -1.5872701597060865e+00 ]
rms2: 1.1845570570437041e+00
cameraMatrix2: !!opencv-matrix
   rows: 3
   cols: 3
   dt: d
   data: [ 2.1423239816343090e+02, 0., 5.1053987068840894e+02, 0.,
       2.1392265243496470e+02, 5.1307149529730316e+02, 0., 0., 1. ]
distCoeffs2: !!opencv-matrix
   rows: 1
   cols: 5
   dt: d
   data: [ -7.0312234751090611e-03, 8.7330386293130342e-04,
       1.4363613097378484e-03, -2.1037617571439686e-03,
       -6.3644136317899964e-05 ]
rotationMatrix2: !!opencv-matrix
   rows: 22
   cols: 1
   dt: "3d"
   data: [ 1.8715812980266128e-01, -3.5369446215304418e-01,
       -1.2406048020641005e+00, 1.0574480123098415e+00,
       -9.7325034609265659e-01, -1.3111940210767863e+00,
       8.4323662529777765e-01, -5.9560686552096898e-01,
       -1.4957959966680361e+00, 6.5771182580813348e-01,
       -8.0078048594939930e-02, -1.5835174504786891e+00,
       8.0428231663861327e-01, -4.2812843336247797e-01,
       -1.1998394651768693e+00, 7.7754583232365970e-01,
       -7.6966571713438048e-01, -1.3895548864399887e+00,
       1.2618231563622306e-01, -7.1015759846782811e-01,
       -1.3733941436617376e+00, 5.1003103971000963e-01,
       -6.4773181237924260e-01, -1.7211046023163510e+00,
       6.1614725449093344e-01, 1.8467100815186765e-02,
       -1.5793081498423198e+00, 2.1788349460974299e-01,
       -6.6415607840028690e-01, -1.7487801645445185e+00,
       8.0071746259424437e-01, -1.1676107996483727e-01,
       -1.7627817914536437e+00, 1.0423035086349079e+00,
       -9.5577011531607470e-01, -1.7391475879805551e+00,
       1.0799703094109130e+00, -5.8679107218384430e-01,
       -1.2816834092544713e+00, 5.9018885260930132e-01,
       -1.1653750683913935e+00, -1.2905607139117667e+00,
       4.9603543917689980e-01, -1.2050403266864422e+00,
       -1.1913929552269351e+00, 1.0312457390336613e+00,
       -7.5214044705556438e-01, -1.2236409362101539e+00,
       1.0653672623831292e+00, -6.4599285788013194e-01,
       -1.4222579642436437e+00, 4.6990867606671832e-01,
       -8.3052309263390478e-01, -2.0375651530828844e+00,
       4.4698191415460492e-01, -9.4292086478313969e-02,
       -1.4930176778139757e+00, 5.7165564825447247e-02,
       -4.6873157563254492e-01, -1.0822799646345440e+00,
       3.6784174018351140e-01, -7.9173432415308564e-01,
       -1.9131774082505868e+00, 2.4536663193597913e-01,
       -3.6865378098208362e-01, -1.9456602378117889e+00 ]
rms: 1.3994582180089343e+00
rotationMatrix: !!opencv-matrix
   rows: 3
   cols: 3
   dt: d
   data: [ 8.2193886106538428e-03, -6.7121170659802136e-03,
       -9.9994369298243968e-01, -7.8280817132711043e-03,
       9.9994639878512315e-01, -6.7764808974573000e-03,
       9.9993557931876653e-01, 7.8833394672454850e-03,
       8.1664050405772324e-03 ]
translationVector: !!opencv-matrix
   rows: 3
   cols: 1
   dt: d
   data: [ -8.6972722783431089e-01, 9.5057096841901587e-03,
       -9.5261663578632694e-01 ]
essentialMatrix: !!opencv-matrix
   rows: 3
   cols: 3
   dt: d
   data: [ 2.0479364535399107e-03, 9.5264051111365444e-01,
       -6.3777609595268483e-03, 8.6184127308730507e-01,
       1.3250429359322292e-02, 9.5966554160200090e-01,
       6.7301646858293259e-03, -8.6961680596209201e-01,
       1.5398864391445749e-02 ]
fundamentalMatrix: !!opencv-matrix
   rows: 3
   cols: 3
   dt: d
   data: [ 4.3581454566007500e-09, 2.0397009678278493e-06,
       -1.0464484531338880e-03, 1.8367113405429030e-06,
       2.8411605889431591e-08, -5.1096309983767341e-04,
       -9.4152095319533782e-04, -1.4548134477431851e-03, 1. ]
